Some((
    red: 0.0039215684,
    green: 0.015686275,
    blue: 0.03529412,
    alpha: 1.0,
))