Some((
    red: 0.17254901,
    green: 0.3294118,
    blue: 0.5176471,
))