Some((
    red: 0.7529412,
    green: 0.77254903,
    blue: 0.80784315,
))