Some((
    red: 0.38607597,
    green: 0.1675677,
    blue: 0.0947316,
))